5132409011 黄颖 29.38 277
5140219381 周志博 29.29 320
5140309407 杨蕴意 29.14 414
5140219312 徐睿 30.07 91
5140309146 陈盈鑫 29.18 381
5140219325 曹鑫 28.77 696
5140309180 张贇 30.28 66
5140219147 谢树钦 29.68 163
5140219086 陈小枫 28.75 713
5140219301 杭雨薇 28.89 592
5140219272 顾成思 28.69 764
5140309269 王子飞 26.64 1680
5140219245 李晨璐 28.75 713
5142119023 高仕航 27.96 1359
5140309002 田洁 29.57 192
5140219401 叶楠 28.03 1316
5140309080 马丹瑞 29.23 350
5140219215 邓丽娇 28.85 630
5140219032 高兴昀 29.03 487
5140309149 刘昕 28.90 587
5140219317 李子涵 25.62 1757
5140219389 李若琦 28.75 713
5140309459 沈赵锟 28.95 543
5137319003 周晓 27.74 1473
5140309098 陈金婷 28.23 1174
5140309199 马宇驰 28.62 827
5140309134 周文康 28.59 850
5140219414 王帆 25.52 1767
5140219035 程晓童 28.64 812
5140309259 袁伟舜 29.41 262
5140219229 高扬 28.68 774
5141109065 蔡佳城 28.83 649
5140309303 孙荣灼 29.04 480
5140309241 包嘉悦 28.80 674
5140309040 谷月阳 26.22 1712
5140309235 莫洪程 28.74 725
5140309121 王珏 28.68 774
5140109146 陶文政 28.98 520
5140219410 蔡嘉鸣 23.72 1985
5140219299 李雨琪 27.85 1426
5140219289 谢睿 26.17 1715
5140309026 王钰阳 27.15 1597
5140309440 汪阳 28.44 1000
5140309299 丁洪元 29.18 381
5140309062 殷建华 28.11 1257
5140309056 刘卓然 30.23 74
5140219153 周昱昕 28.29 1122
5140309454 崔晨雨 28.49 949
5140309366 陈鳌 29.78 149
5140219043 周佳冉 23.67 1992
5140309032 姬锐彬 28.95 543
5140309300 卞一鸣 28.44 1000
5140309162 唐宇翀 24.12 1931
5140309361 万珂玮 25.50 1773
5140309014 魏川翔 26.20 1713
5140309193 于欣禾 17.10 2555
5140309260 何子文 27.63 1506
5140309055 董尚 26.35 1704
5140309378 王若谷 23.79 1977
5131109071 李雨峰 19.20 2420
5140309137 蒋咏黎 22.69 2089
5137119034 梅屹东 25.26 1813
5140309190 汪显洲 24.98 1852
5140309165 王新奇 23.76 1980
5140219265 肖临风 23.80 1972
5140309265 曹之初 28.89 592
5140309103 金之光 28.71 747
5140309037 马明啸 28.29 1122
5140309100 李娜 28.92 563
5140309158 陈卓 23.65 1996
5140219217 刘奎坤 16.91 2641
5140729031 陈俣睿 26.85 1646
5141109091 谢哲远 19.59 2396
5140309188 邓徐韬 17.36 2526
5140309239 胡立宁 28.92 563
5140309290 陈柏卉 29.38 277
5140309341 刘谏隆 27.06 1613
5140309389 陈立恺 25.20 1818
5140719010 刘文轩 16.95 2616
5140309152 孙偲 25.99 1721
5140309160 李亚杰 19.53 2402
5130309202 阎飞 22.32 2187
5140309264 林峻峣 8.04 2986
5130309331 任智健 8.97 2918
5140309312 諏訪部勉 8.19 2977
